300	1.51285	0.955722	1.5258	1.01717
300.172	1.51158	0.950499	1.52408	1.01008
300.344	1.51032	0.945263	1.52225	1.00299
300.516	1.50906	0.940012	1.52032	0.995909
300.688	1.50782	0.934748	1.51829	0.988826
300.86	1.50658	0.929469	1.51616	0.981747
301.033	1.50535	0.924176	1.51392	0.974674
301.206	1.50413	0.91887	1.51158	0.967608
301.379	1.50292	0.913549	1.50913	0.960551
301.552	1.50172	0.908213	1.50658	0.953505
301.726	1.50053	0.902864	1.50392	0.946471
301.9	1.49934	0.8975	1.50116	0.939451
302.073	1.49817	0.892122	1.4983	0.932447
302.248	1.49701	0.88673	1.49534	0.92546
302.422	1.49562	0.881338	1.49227	0.918491
302.596	1.49256	0.876033	1.4891	0.911542
302.771	1.4895	0.870705	1.48582	0.904616
302.946	1.48644	0.865356	1.48245	0.897712
303.121	1.48338	0.859984	1.47897	0.890834
303.296	1.48032	0.85459	1.47539	0.883982
303.472	1.47726	0.849174	1.47171	0.877157
303.647	1.4742	0.843734	1.46793	0.870362
303.823	1.47114	0.838272	1.46404	0.863597
303.999	1.46808	0.832786	1.46006	0.856865
304.176	1.46503	0.827278	1.45598	0.850166
304.352	1.46197	0.821745	1.4518	0.843503
304.529	1.45892	0.816189	1.44752	0.836875
304.706	1.45586	0.810608	1.44314	0.830286
304.883	1.45281	0.805003	1.43867	0.823735
305.06	1.44976	0.799374	1.4341	0.817224
305.238	1.44672	0.79372	1.42943	0.810756
305.416	1.44367	0.788041	1.42467	0.80433
305.594	1.44063	0.782336	1.41981	0.797948
305.772	1.43759	0.776606	1.41486	0.791611
305.95	1.43455	0.770851	1.40981	0.785321
306.129	1.43121	0.765168	1.40467	0.779079
306.307	1.42629	0.75997	1.39944	0.772886
306.486	1.42136	0.754744	1.39412	0.766743
306.666	1.41641	0.749489	1.38871	0.760651
306.845	1.41145	0.744203	1.3832	0.754611
307.025	1.40648	0.738888	1.37761	0.748624
307.205	1.40149	0.733542	1.37192	0.742692
307.385	1.39649	0.728165	1.36615	0.736816
307.565	1.39148	0.722756	1.36029	0.730995
307.745	1.38645	0.717315	1.35434	0.725233
307.926	1.38141	0.711841	1.34831	0.719529
308.107	1.37636	0.706335	1.34219	0.713884
308.288	1.37129	0.700795	1.33598	0.708299
308.469	1.36621	0.695221	1.32969	0.702776
308.651	1.36111	0.689612	1.32332	0.697316
308.833	1.356	0.683968	1.31686	0.691918
309.015	1.35088	0.678288	1.31033	0.686585
309.197	1.34574	0.672571	1.30371	0.681316
309.379	1.34059	0.666818	1.297	0.676113
309.562	1.33543	0.661027	1.29022	0.670977
309.745	1.33025	0.655198	1.28336	0.665909
309.928	1.32506	0.64933	1.27642	0.660909
310.111	1.31743	0.642647	1.2694	0.655978
310.294	1.30816	0.635391	1.2623	0.651118
310.478	1.29884	0.628062	1.25513	0.646328
310.662	1.28945	0.620656	1.24787	0.64161
310.846	1.28	0.613173	1.24055	0.636965
311.03	1.27049	0.605609	1.23314	0.632393
311.215	1.26091	0.597961	1.22566	0.627896
311.4	1.25126	0.590229	1.21811	0.623473
311.585	1.24268	0.584426	1.21048	0.619127
311.77	1.2354	0.580973	1.20277	0.614857
311.955	1.22807	0.5775	1.195	0.610665
312.141	1.2207	0.574006	1.18715	0.606551
312.327	1.21329	0.570491	1.17923	0.602517
312.513	1.20583	0.566953	1.17124	0.598563
312.699	1.19832	0.563394	1.16317	0.59469
312.886	1.19077	0.559811	1.15503	0.590899
313.073	1.18317	0.556206	1.14683	0.587191
313.26	1.17552	0.552577	1.13855	0.583568
313.447	1.16781	0.548925	1.1302	0.580029
313.634	1.16006	0.545247	1.12179	0.576576
313.822	1.15226	0.541545	1.1133	0.57321
314.01	1.14205	0.538219	1.10474	0.569932
314.198	1.13007	0.535168	1.09612	0.566743
314.386	1.11797	0.53211	1.08743	0.563644
314.575	1.10574	0.529046	1.07867	0.560637
314.764	1.09338	0.525976	1.06984	0.557722
314.953	1.08089	0.522902	1.06095	0.554902
315.142	1.06826	0.519823	1.05198	0.552176
315.331	1.05548	0.516741	1.04295	0.549547
315.521	1.04305	0.513898	1.03386	0.547016
315.711	1.03451	0.512991	1.02469	0.544584
315.901	1.0259	0.512101	1.01547	0.542254
316.092	1.01723	0.511227	1.00617	0.540025
316.282	1.00849	0.510371	0.996812	0.537901
316.473	0.999688	0.509533	0.987387	0.535883
316.664	0.990818	0.508716	0.977897	0.533972
316.855	0.981879	0.507919	0.968343	0.532171
317.047	0.97287	0.507144	0.958726	0.530482
317.239	0.96379	0.506392	0.949044	0.528905
317.431	0.954637	0.505664	0.9393	0.527445
317.623	0.945409	0.504962	0.929493	0.526102
317.815	0.936106	0.504287	0.919625	0.52488
318.008	0.924326	0.505168	0.909695	0.523779
318.201	0.910554	0.507354	0.899704	0.522804
318.394	0.896655	0.509679	0.889654	0.521957
318.588	0.882629	0.51215	0.879544	0.52124
318.781	0.868475	0.514778	0.869377	0.520656
318.975	0.854195	0.517569	0.859153	0.520208
319.169	0.839788	0.520533	0.848874	0.519899
319.364	0.825256	0.523681	0.83854	0.519732
319.558	0.812532	0.526769	0.828154	0.519711
319.753	0.804268	0.529385	0.817716	0.519839
319.948	0.795975	0.532074	0.807229	0.520119
320.143	0.787655	0.534838	0.796695	0.520555
320.339	0.779309	0.53768	0.786116	0.52115
320.535	0.770939	0.5406	0.775495	0.521909
320.731	0.762545	0.5436	0.764834	0.522834
320.927	0.75413	0.546683	0.754137	0.52393
321.124	0.745694	0.549851	0.743407	0.525202
321.32	0.737241	0.553104	0.732646	0.526651
321.517	0.728771	0.556446	0.721861	0.528283
321.714	0.720286	0.559877	0.711054	0.530102
321.912	0.71179	0.5634	0.700231	0.532111
322.11	0.702037	0.567502	0.689396	0.534314
322.308	0.691272	0.572134	0.678555	0.536715
322.506	0.680497	0.576919	0.667715	0.539317
322.704	0.66972	0.581861	0.656881	0.542123
322.903	0.658945	0.586962	0.64606	0.545137
323.102	0.648179	0.592225	0.635259	0.54836
323.301	0.637428	0.597651	0.624486	0.551797
323.5	0.626698	0.603243	0.61375	0.555447
323.7	0.615998	0.609001	0.603057	0.559314
323.9	0.608893	0.612748	0.592418	0.563397
324.1	0.601803	0.616569	0.58184	0.567698
324.301	0.594729	0.620463	0.571334	0.572216
324.501	0.587674	0.624431	0.560908	0.57695
324.702	0.58064	0.628473	0.550572	0.581899
324.903	0.57363	0.632588	0.540337	0.58706
325.105	0.566645	0.636777	0.530211	0.592431
325.306	0.559687	0.641038	0.520203	0.598007
325.508	0.55276	0.645372	0.510324	0.603783
325.71	0.545864	0.649777	0.500582	0.609756
325.913	0.539003	0.654254	0.490986	0.615918
326.115	0.532178	0.658801	0.481544	0.622262
326.318	0.525244	0.663569	0.472264	0.628783
326.521	0.516873	0.669956	0.463153	0.63547
326.725	0.508582	0.676446	0.454218	0.642317
326.928	0.500375	0.683037	0.445464	0.649314
327.132	0.492255	0.689725	0.436896	0.656451
327.337	0.484227	0.696507	0.428519	0.66372
327.541	0.476292	0.703378	0.420336	0.671111
327.746	0.468455	0.710336	0.412351	0.678614
327.951	0.460716	0.717375	0.404564	0.686219
328.156	0.453079	0.724492	0.396978	0.693916
328.361	0.445547	0.731683	0.389593	0.701696
328.567	0.438119	0.738944	0.382409	0.70955
328.773	0.430799	0.746269	0.375425	0.717468
328.979	0.423586	0.753655	0.36864	0.725441
329.186	0.416483	0.761098	0.362052	0.733461
329.392	0.40949	0.768592	0.35566	0.74152
329.599	0.402607	0.776135	0.349459	0.74961
329.807	0.395834	0.783721	0.343448	0.757723
330.014	0.389172	0.791346	0.337623	0.765853
330.222	0.38262	0.799007	0.33198	0.773994
330.43	0.376178	0.8067	0.326516	0.782138
330.638	0.36981	0.814918	0.321226	0.790281
330.847	0.36343	0.825354	0.316106	0.798417
331.056	0.357215	0.835778	0.311153	0.806541
331.265	0.351159	0.846186	0.306361	0.81465
331.474	0.345259	0.856572	0.301726	0.822738
331.684	0.339511	0.866934	0.297244	0.830802
331.894	0.333909	0.877267	0.292911	0.838839
332.104	0.328449	0.887567	0.288722	0.846845
332.314	0.323128	0.897832	0.284673	0.854818
332.525	0.319593	0.906021	0.28076	0.862756
332.736	0.317256	0.91278	0.276978	0.870655
332.947	0.314963	0.91951	0.273323	0.878514
333.159	0.312714	0.926211	0.269792	0.886332
333.37	0.310506	0.932883	0.26638	0.894106
333.582	0.308339	0.939527	0.263083	0.901835
333.795	0.306211	0.946142	0.259899	0.909518
334.007	0.304123	0.952728	0.256822	0.917154
334.22	0.302072	0.959285	0.253851	0.924742
334.433	0.300058	0.965814	0.250981	0.932281
334.647	0.29808	0.972314	0.248208	0.93977
334.86	0.296136	0.978785	0.245531	0.94721
335.074	0.294227	0.985228	0.242945	0.9546
335.288	0.292283	0.99182	0.240448	0.961938
335.503	0.290364	0.998408	0.238037	0.969226
335.718	0.288478	1.00497	0.235708	0.976462
335.933	0.286626	1.01149	0.23346	0.983648
336.148	0.284805	1.01799	0.23129	0.990782
336.364	0.283016	1.02446	0.229195	0.997865
336.579	0.281257	1.0309	0.227173	1.0049
336.796	0.279527	1.03731	0.225222	1.01188
337.012	0.277827	1.04369	0.223339	1.01881
337.229	0.276155	1.05005	0.221521	1.02569
337.446	0.27451	1.05637	0.219768	1.03252
337.663	0.272892	1.06267	0.218077	1.03929
337.88	0.271301	1.06894	0.216446	1.04602
338.098	0.269734	1.07518	0.214872	1.0527
338.316	0.268193	1.08139	0.213356	1.05933
338.535	0.266676	1.08758	0.211894	1.06592
338.753	0.265183	1.09374	0.210484	1.07245
338.972	0.263713	1.09987	0.209126	1.07894
339.192	0.262266	1.10597	0.207818	1.08537
339.411	0.26084	1.11205	0.206558	1.09177
339.631	0.259437	1.1181	0.205345	1.09811
339.851	0.258207	1.12408	0.204177	1.10441
340.071	0.257065	1.13	0.203053	1.11066
340.292	0.255942	1.13589	0.201972	1.11687
340.513	0.254835	1.14176	0.200933	1.12303
340.734	0.253745	1.14761	0.199933	1.12915
340.956	0.252672	1.15343	0.198973	1.13523
341.177	0.251616	1.15923	0.19805	1.14126
341.4	0.250574	1.165	0.197165	1.14725
341.622	0.249549	1.17074	0.196315	1.15319
341.845	0.248538	1.17647	0.195499	1.1591
342.068	0.247542	1.18217	0.194718	1.16496
342.291	0.246561	1.18784	0.193969	1.17078
342.514	0.245594	1.19349	0.193252	1.17656
342.738	0.24464	1.19912	0.192566	1.1823
342.962	0.2437	1.20473	0.19191	1.188
343.187	0.242773	1.21031	0.191283	1.19366
343.411	0.24186	1.21588	0.190684	1.19928
343.636	0.240959	1.22142	0.190113	1.20487
343.862	0.24007	1.22693	0.189569	1.21041
344.087	0.239194	1.23243	0.189051	1.21592
344.313	0.238329	1.2379	0.188558	1.2214
344.539	0.237469	1.24313	0.18809	1.22683
344.766	0.236616	1.2482	0.187646	1.23223
344.993	0.235774	1.25325	0.187225	1.23759
345.22	0.234941	1.25828	0.186827	1.24292
345.447	0.234118	1.26329	0.18645	1.24821
345.675	0.233305	1.26829	0.186096	1.25347
345.903	0.232502	1.27327	0.185762	1.25869
346.131	0.231708	1.27823	0.185448	1.26388
346.36	0.230923	1.28317	0.185154	1.26904
346.588	0.230147	1.2881	0.184879	1.27417
346.818	0.22938	1.29301	0.184623	1.27926
347.047	0.228622	1.29791	0.184385	1.28431
347.277	0.227872	1.30279	0.184165	1.28934
347.507	0.227131	1.30765	0.183962	1.29434
347.737	0.226398	1.31249	0.183775	1.2993
347.968	0.225673	1.31732	0.183605	1.30423
348.199	0.224956	1.32214	0.183451	1.30914
348.43	0.224247	1.32693	0.183312	1.31401
348.662	0.223546	1.33172	0.183188	1.31885
348.894	0.222852	1.33648	0.183078	1.32367
349.126	0.222166	1.34124	0.182983	1.32845
349.359	0.221488	1.34597	0.182901	1.3332
349.592	0.220816	1.35069	0.182833	1.33793
349.825	0.220151	1.3554	0.182778	1.34263
350.058	0.219494	1.36009	0.182735	1.3473
350.292	0.218843	1.36477	0.182705	1.35194
350.526	0.2182	1.36943	0.182686	1.35656
350.761	0.217562	1.37408	0.182679	1.36115
350.995	0.216932	1.37871	0.182684	1.36571
351.231	0.216308	1.38333	0.182699	1.37024
351.466	0.21569	1.38794	0.182725	1.37475
351.702	0.215078	1.39253	0.182761	1.37924
351.938	0.214473	1.3971	0.182807	1.38369
352.174	0.213873	1.40167	0.182863	1.38813
352.411	0.21328	1.40622	0.182929	1.39253
352.648	0.212692	1.41075	0.183003	1.39692
352.885	0.212111	1.41528	0.183087	1.40127
353.122	0.211535	1.41979	0.183179	1.40561
353.36	0.210964	1.42428	0.183279	1.40992
353.599	0.210399	1.42877	0.183387	1.4142
353.837	0.20984	1.43324	0.183503	1.41847
354.076	0.209285	1.43769	0.183627	1.42271
354.315	0.208695	1.44202	0.183758	1.42692
354.555	0.208066	1.44622	0.183896	1.43111
354.795	0.207441	1.4504	0.184041	1.43528
355.035	0.206822	1.45457	0.184192	1.43943
355.275	0.206208	1.45873	0.18435	1.44356
355.516	0.205599	1.46288	0.184514	1.44766
355.757	0.204995	1.46702	0.184684	1.45175
355.999	0.204396	1.47115	0.18486	1.45581
356.24	0.203801	1.47527	0.185041	1.45985
356.483	0.203212	1.47937	0.185227	1.46386
356.725	0.202627	1.48347	0.185418	1.46786
356.968	0.202047	1.48756	0.185615	1.47184
357.211	0.201471	1.49163	0.185815	1.4758
357.454	0.2009	1.4957	0.186021	1.47973
357.698	0.200333	1.49975	0.18623	1.48365
357.942	0.199771	1.5038	0.186444	1.48755
358.187	0.199213	1.50784	0.186662	1.49142
358.432	0.198659	1.51186	0.186883	1.49528
358.677	0.19811	1.51588	0.187108	1.49912
358.922	0.197564	1.51988	0.187336	1.50294
359.168	0.197023	1.52388	0.187567	1.50674
359.414	0.196486	1.52786	0.187801	1.51052
359.661	0.195953	1.53184	0.188038	1.51428
359.907	0.195424	1.53581	0.188278	1.51803
360.155	0.194899	1.53976	0.18852	1.52175
360.402	0.194378	1.54371	0.188764	1.52546
360.65	0.193861	1.54765	0.189011	1.52915
360.898	0.193347	1.55158	0.189259	1.53283
361.146	0.192837	1.5555	0.189509	1.53648
361.395	0.192331	1.55941	0.189761	1.54012
361.645	0.191829	1.56331	0.190014	1.54374
361.894	0.19133	1.5672	0.190269	1.54735
362.144	0.190834	1.57109	0.190525	1.55093
362.394	0.190343	1.57496	0.190781	1.5545
362.645	0.189854	1.57882	0.191039	1.55806
362.896	0.18937	1.58268	0.191297	1.5616
363.147	0.188888	1.58653	0.191556	1.56512
363.399	0.18841	1.59037	0.191815	1.56862
363.651	0.187935	1.5942	0.192075	1.57212
363.903	0.187464	1.59802	0.192334	1.57559
364.156	0.186996	1.60183	0.192594	1.57905
364.409	0.186531	1.60563	0.192853	1.58249
364.662	0.186069	1.60943	0.193112	1.58592
364.916	0.18629	1.61123	0.19337	1.58934
365.17	0.186632	1.61268	0.193628	1.59273
365.424	0.186972	1.61413	0.193885	1.59612
365.679	0.187313	1.61558	0.194142	1.59949
365.934	0.187653	1.61702	0.194397	1.60284
366.19	0.187992	1.61847	0.194651	1.60618
366.445	0.188331	1.61991	0.194903	1.60951
366.702	0.188669	1.62135	0.195155	1.61282
366.958	0.189007	1.62279	0.195404	1.61612
367.215	0.189345	1.62423	0.195652	1.61941
367.472	0.189682	1.62567	0.195898	1.62268
367.73	0.190019	1.62711	0.196143	1.62594
367.988	0.190355	1.62854	0.196385	1.62918
368.246	0.190691	1.62998	0.196625	1.63242
368.505	0.191026	1.63141	0.196862	1.63564
368.764	0.191361	1.63284	0.197097	1.63884
369.024	0.191695	1.63427	0.19733	1.64204
369.284	0.192029	1.6357	0.19756	1.64522
369.544	0.192363	1.63713	0.197786	1.64839
369.804	0.192696	1.63856	0.19801	1.65155
370.065	0.193029	1.63998	0.198231	1.65469
370.327	0.193361	1.64141	0.198449	1.65783
370.588	0.193693	1.64283	0.198663	1.66095
370.85	0.194024	1.64425	0.198874	1.66406
371.113	0.194355	1.64567	0.199082	1.66716
371.375	0.194686	1.64709	0.199286	1.67025
371.639	0.195016	1.64851	0.199486	1.67333
371.902	0.195345	1.64993	0.199682	1.67639
372.166	0.195675	1.65134	0.199874	1.67945
372.43	0.196004	1.65276	0.200062	1.68249
372.695	0.196332	1.65417	0.200245	1.68553
372.96	0.19666	1.65558	0.200425	1.68855
373.225	0.196988	1.65699	0.2006	1.69157
373.491	0.197315	1.6584	0.20077	1.69457
373.757	0.197641	1.65981	0.200936	1.69757
374.024	0.197968	1.66122	0.201097	1.70055
374.291	0.198294	1.66263	0.201253	1.70353
374.558	0.198619	1.66403	0.201404	1.70649
374.826	0.198944	1.66544	0.201551	1.70945
375.094	0.199269	1.66684	0.201692	1.7124
375.362	0.199593	1.66824	0.201827	1.71534
375.631	0.199917	1.66964	0.201958	1.71827
375.9	0.199837	1.67255	0.202083	1.72119
376.17	0.199619	1.67597	0.202202	1.72411
376.44	0.199403	1.67938	0.202316	1.72701
376.71	0.199188	1.68278	0.202425	1.72991
376.981	0.198975	1.68618	0.202527	1.7328
377.252	0.198764	1.68957	0.202623	1.73568
377.524	0.198555	1.69296	0.202714	1.73856
377.796	0.198347	1.69634	0.202799	1.74142
378.068	0.19814	1.69971	0.202877	1.74428
378.341	0.197935	1.70308	0.202949	1.74714
378.614	0.197732	1.70644	0.203015	1.74999
378.887	0.19753	1.70979	0.203075	1.75283
379.161	0.19733	1.71314	0.203128	1.75566
379.436	0.197131	1.71648	0.203175	1.75849
379.71	0.196934	1.71981	0.203215	1.76131
379.986	0.196738	1.72314	0.203248	1.76412
380.261	0.196544	1.72646	0.203275	1.76693
380.537	0.196351	1.72978	0.203295	1.76974
380.813	0.19616	1.73308	0.203308	1.77254
381.09	0.19597	1.73639	0.203315	1.77533
381.367	0.195781	1.73969	0.203314	1.77812
381.645	0.195594	1.74298	0.203307	1.7809
381.922	0.195408	1.74626	0.203292	1.78368
382.201	0.195224	1.74954	0.20327	1.78645
382.479	0.195041	1.75281	0.203242	1.78922
382.759	0.194859	1.75608	0.203206	1.79199
383.038	0.194678	1.75934	0.203163	1.79475
383.318	0.194499	1.7626	0.203112	1.79751
383.598	0.194322	1.76585	0.203054	1.80027
383.879	0.194145	1.76909	0.202989	1.80302
384.16	0.19397	1.77233	0.202917	1.80576
384.442	0.193796	1.77556	0.202837	1.80851
384.724	0.193623	1.77879	0.20275	1.81125
385.006	0.193452	1.78201	0.202655	1.81399
385.289	0.193281	1.78522	0.202553	1.81673
385.573	0.193112	1.78843	0.202444	1.81946
385.856	0.192945	1.79163	0.202327	1.8222
386.14	0.192778	1.79483	0.202202	1.82493
386.425	0.192613	1.79803	0.20207	1.82765
386.71	0.192448	1.80121	0.20193	1.83038
386.995	0.192285	1.80439	0.201783	1.83311
387.281	0.192123	1.80757	0.201629	1.83583
387.567	0.191884	1.8108	0.201466	1.83856
387.854	0.191389	1.81423	0.201297	1.84128
388.141	0.190897	1.81765	0.201119	1.844
388.428	0.190407	1.82106	0.200935	1.84672
388.716	0.189919	1.82447	0.200742	1.84944
389.004	0.189434	1.82787	0.200543	1.85217
389.293	0.188952	1.83127	0.200336	1.85489
389.582	0.188471	1.83466	0.200121	1.85761
389.872	0.187994	1.83804	0.199899	1.86033
390.162	0.187518	1.84142	0.199669	1.86305
390.452	0.187045	1.84479	0.199433	1.86578
390.743	0.186574	1.84816	0.199188	1.8685
391.034	0.186105	1.85152	0.198937	1.87123
391.326	0.185639	1.85488	0.198678	1.87396
391.618	0.185175	1.85823	0.198412	1.87668
391.911	0.184713	1.86157	0.198139	1.87941
392.204	0.184254	1.86491	0.197859	1.88215
392.498	0.183796	1.86824	0.197572	1.88488
392.792	0.183341	1.87157	0.197277	1.88762
393.086	0.182888	1.87489	0.196976	1.89035
393.381	0.182437	1.87821	0.196668	1.8931
393.676	0.181989	1.88152	0.196353	1.89584
393.972	0.181542	1.88482	0.196031	1.89859
394.268	0.181097	1.88812	0.195702	1.90134
394.565	0.180655	1.89141	0.195367	1.90409
394.862	0.180214	1.8947	0.195025	1.90684
395.159	0.179776	1.89799	0.194677	1.9096
395.457	0.17934	1.90126	0.194322	1.91237
395.756	0.178905	1.90454	0.193961	1.91513
396.054	0.178473	1.9078	0.193594	1.9179
396.354	0.178042	1.91106	0.19322	1.92068
396.653	0.177614	1.91432	0.19284	1.92346
396.954	0.177187	1.91757	0.192455	1.92624
397.254	0.176763	1.92082	0.192063	1.92903
397.555	0.17634	1.92406	0.191665	1.93182
397.857	0.175919	1.92729	0.191262	1.93462
398.159	0.1755	1.93052	0.190853	1.93742
398.462	0.175083	1.93375	0.190439	1.94023
398.764	0.174668	1.93697	0.190019	1.94304
399.068	0.174255	1.94019	0.189594	1.94586
399.372	0.173843	1.9434	0.189163	1.94868
399.676	0.173433	1.9466	0.188727	1.95151
399.981	0.173025	1.9498	0.188287	1.95434
400.286	0.172987	1.9537	0.187841	1.95718
400.592	0.172975	1.95763	0.18739	1.96003
400.898	0.172963	1.96156	0.186935	1.96288
401.205	0.172952	1.96548	0.186476	1.96574
401.512	0.172941	1.96939	0.186011	1.9686
401.82	0.172932	1.97329	0.185543	1.97147
402.128	0.172923	1.97719	0.18507	1.97435
402.436	0.172914	1.98108	0.184593	1.97723
402.745	0.172907	1.98496	0.184112	1.98012
403.055	0.1729	1.98883	0.183627	1.98302
403.365	0.172894	1.9927	0.183138	1.98592
403.675	0.172888	1.99656	0.182646	1.98883
403.986	0.172883	2.00041	0.18215	1.99174
404.298	0.172879	2.00425	0.181651	1.99467
404.609	0.172875	2.00809	0.181148	1.9976
404.922	0.172872	2.01192	0.180642	2.00054
405.235	0.17287	2.01574	0.180133	2.00348
405.548	0.172868	2.01956	0.179622	2.00643
405.862	0.172867	2.02337	0.179107	2.00939
406.176	0.172867	2.02717	0.17859	2.01236
406.491	0.172867	2.03096	0.17807	2.01533
406.806	0.172867	2.03475	0.177548	2.01832
407.122	0.172869	2.03853	0.177024	2.0213
407.438	0.172871	2.0423	0.176497	2.0243
407.755	0.172873	2.04607	0.175969	2.02731
408.072	0.172876	2.04982	0.175438	2.03032
408.39	0.17288	2.05358	0.174906	2.03334
408.708	0.172884	2.05732	0.174372	2.03636
409.027	0.172888	2.06106	0.173837	2.0394
409.346	0.172894	2.06479	0.1733	2.04244
409.666	0.172899	2.06852	0.172762	2.04549
409.986	0.172906	2.07224	0.172222	2.04855
410.307	0.172913	2.07595	0.171682	2.05162
410.628	0.17292	2.07965	0.17114	2.05469
410.95	0.172928	2.08335	0.170598	2.05778
411.272	0.172936	2.08704	0.170055	2.06087
411.595	0.172945	2.09073	0.169512	2.06396
411.918	0.172955	2.09441	0.168968	2.06707
412.242	0.172964	2.09808	0.168424	2.07019
412.566	0.172975	2.10175	0.167879	2.07331
412.891	0.172986	2.10541	0.167335	2.07644
413.216	0.172997	2.10906	0.16679	2.07958
413.542	0.172765	2.11089	0.166246	2.08272
413.869	0.172448	2.11209	0.165702	2.08588
414.195	0.172133	2.11329	0.165158	2.08904
414.523	0.171817	2.11448	0.164615	2.09221
414.851	0.171502	2.11568	0.164072	2.09538
415.179	0.171188	2.11687	0.16353	2.09857
415.508	0.170873	2.11807	0.162988	2.10176
415.837	0.17056	2.11926	0.162448	2.10497
416.167	0.170246	2.12046	0.161908	2.10817
416.498	0.169933	2.12165	0.16137	2.11139
416.829	0.169621	2.12284	0.160832	2.11462
417.16	0.169308	2.12403	0.160296	2.11785
417.493	0.168997	2.12523	0.159762	2.12109
417.825	0.168685	2.12642	0.159228	2.12434
418.158	0.168374	2.12761	0.158697	2.12759
418.492	0.168063	2.1288	0.158167	2.13086
418.826	0.167753	2.12999	0.157638	2.13413
419.161	0.167443	2.13117	0.157112	2.13741
419.496	0.167134	2.13236	0.156587	2.1407
419.832	0.166825	2.13355	0.156065	2.14399
420.168	0.166516	2.13474	0.155544	2.14729
420.505	0.166208	2.13592	0.155025	2.1506
420.843	0.1659	2.13711	0.154509	2.15392
421.18	0.165593	2.13829	0.153995	2.15724
421.519	0.165285	2.13948	0.153484	2.16057
421.858	0.164979	2.14066	0.152975	2.16391
422.198	0.164672	2.14184	0.152468	2.16726
422.538	0.164366	2.14303	0.151964	2.17061
422.878	0.164061	2.14421	0.151463	2.17397
423.22	0.163756	2.14539	0.150964	2.17734
423.561	0.163451	2.14657	0.150468	2.18071
423.904	0.163146	2.14775	0.149975	2.18409
424.247	0.162842	2.14893	0.149485	2.18748
424.59	0.162539	2.15011	0.148998	2.19088
424.934	0.162235	2.15129	0.148514	2.19428
425.279	0.161932	2.15247	0.148032	2.19769
425.624	0.16163	2.15364	0.147555	2.20111
425.97	0.161328	2.15482	0.14708	2.20453
426.316	0.161026	2.156	0.146608	2.20796
426.663	0.160724	2.15717	0.14614	2.21139
427.01	0.160423	2.15835	0.145675	2.21484
427.358	0.160123	2.15952	0.145213	2.21829
427.706	0.159936	2.16377	0.144755	2.22174
428.055	0.15983	2.17013	0.1443	2.2252
428.405	0.159725	2.17647	0.143849	2.22867
428.755	0.159623	2.18279	0.143401	2.23215
429.106	0.159522	2.18909	0.142957	2.23563
429.458	0.159423	2.19537	0.142517	2.23912
429.809	0.159326	2.20164	0.14208	2.24261
430.162	0.159231	2.20789	0.141646	2.24611
430.515	0.159138	2.21412	0.141217	2.24962
430.869	0.159047	2.22033	0.140791	2.25313
431.223	0.158957	2.22653	0.140369	2.25664
431.578	0.158869	2.23271	0.13995	2.26017
431.933	0.158782	2.23887	0.139536	2.2637
432.289	0.158698	2.24502	0.139125	2.26723
432.646	0.158615	2.25115	0.138718	2.27077
433.003	0.158533	2.25726	0.138315	2.27432
433.361	0.158453	2.26336	0.137916	2.27787
433.719	0.158375	2.26944	0.137521	2.28143
434.078	0.158298	2.2755	0.137129	2.285
434.438	0.158223	2.28155	0.136742	2.28856
434.798	0.158149	2.28758	0.136358	2.29214
435.159	0.158077	2.2936	0.135979	2.29572
435.52	0.158006	2.2996	0.135603	2.2993
435.882	0.157937	2.30558	0.135232	2.30289
436.245	0.157869	2.31155	0.134864	2.30649
436.608	0.157802	2.31751	0.1345	2.31009
436.971	0.157737	2.32344	0.134141	2.3137
437.336	0.157673	2.32937	0.133785	2.31731
437.701	0.157611	2.33528	0.133433	2.32093
438.066	0.15755	2.34117	0.133086	2.32455
438.433	0.15749	2.34705	0.132742	2.32817
438.799	0.157431	2.35292	0.132402	2.33181
439.167	0.157374	2.35877	0.132067	2.33544
439.535	0.157317	2.3646	0.131735	2.33908
439.904	0.157263	2.37042	0.131407	2.34273
440.273	0.157209	2.37623	0.131084	2.34638
440.643	0.157156	2.38203	0.130764	2.35004
441.013	0.157105	2.38781	0.130448	2.3537
441.384	0.157055	2.39357	0.130137	2.35736
441.756	0.157006	2.39932	0.129829	2.36103
442.129	0.156722	2.40324	0.129525	2.36471
442.502	0.156408	2.4069	0.129225	2.36838
442.875	0.156095	2.41056	0.12893	2.37207
443.25	0.155784	2.41422	0.128638	2.37576
443.624	0.155474	2.41787	0.12835	2.37945
444	0.155165	2.42151	0.128066	2.38314
444.376	0.154857	2.42515	0.127786	2.38685
444.753	0.154551	2.42878	0.12751	2.39055
445.13	0.154246	2.43241	0.127237	2.39426
445.509	0.153942	2.43603	0.126969	2.39797
445.887	0.153639	2.43965	0.126704	2.40169
446.267	0.153338	2.44326	0.126443	2.40542
446.647	0.153038	2.44687	0.126187	2.40914
447.027	0.152739	2.45047	0.125933	2.41287
447.409	0.152441	2.45407	0.125684	2.41661
447.791	0.152144	2.45766	0.125439	2.42035
448.173	0.151849	2.46124	0.125197	2.42409
448.557	0.151555	2.46482	0.124959	2.42784
448.941	0.151262	2.4684	0.124725	2.43159
449.325	0.15097	2.47197	0.124494	2.43534
449.711	0.150679	2.47554	0.124267	2.4391
450.097	0.15039	2.4791	0.124044	2.44287
450.483	0.150101	2.48265	0.123824	2.44663
450.87	0.149814	2.4862	0.123608	2.4504
451.258	0.149528	2.48975	0.123396	2.45418
451.647	0.149243	2.49329	0.123187	2.45796
452.036	0.148958	2.49683	0.122982	2.46174
452.426	0.148676	2.50036	0.122781	2.46553
452.817	0.148394	2.50388	0.122582	2.46932
453.208	0.148113	2.5074	0.122388	2.47311
453.6	0.147833	2.51092	0.122197	2.47691
453.993	0.147555	2.51443	0.122009	2.48071
454.386	0.147277	2.51794	0.121825	2.48452
454.78	0.147001	2.52144	0.121644	2.48833
455.175	0.146725	2.52494	0.121467	2.49214
455.57	0.146451	2.52843	0.121293	2.49596
455.966	0.146177	2.53192	0.121122	2.49978
456.363	0.145905	2.5354	0.120955	2.5036
456.76	0.145634	2.53888	0.120791	2.50743
457.158	0.145363	2.54235	0.12063	2.51126
457.557	0.145094	2.54582	0.120472	2.51509
457.957	0.144826	2.54929	0.120318	2.51893
458.357	0.144558	2.55275	0.120167	2.52277
458.758	0.144292	2.5562	0.120019	2.52662
459.16	0.144027	2.55965	0.119874	2.53047
459.562	0.143724	2.5635	0.119732	2.53432
459.965	0.143419	2.56738	0.119594	2.53818
460.369	0.143114	2.57126	0.119458	2.54204
460.773	0.142811	2.57513	0.119326	2.5459
461.178	0.142509	2.57899	0.119197	2.54977
461.584	0.142209	2.58285	0.11907	2.55364
461.991	0.141909	2.5867	0.118947	2.55752
462.398	0.141611	2.59055	0.118827	2.5614
462.806	0.141314	2.59439	0.118709	2.56528
463.215	0.141018	2.59823	0.118594	2.56916
463.624	0.140724	2.60206	0.118483	2.57305
464.035	0.14043	2.60589	0.118374	2.57695
464.445	0.140138	2.60971	0.118268	2.58084
464.857	0.139847	2.61352	0.118165	2.58474
465.269	0.139556	2.61733	0.118064	2.58864
465.683	0.139268	2.62114	0.117967	2.59255
466.096	0.13898	2.62494	0.117872	2.59646
466.511	0.138693	2.62873	0.11778	2.60038
466.926	0.138407	2.63252	0.11769	2.60429
467.342	0.138123	2.6363	0.117604	2.60822
467.759	0.13784	2.64008	0.117519	2.61214
468.177	0.137557	2.64385	0.117438	2.61607
468.595	0.137276	2.64761	0.117359	2.62
469.014	0.136996	2.65138	0.117282	2.62394
469.434	0.136717	2.65513	0.117209	2.62788
469.854	0.136439	2.65888	0.117137	2.63182
470.276	0.136162	2.66263	0.117069	2.63576
470.698	0.135886	2.66637	0.117002	2.63971
471.121	0.135611	2.6701	0.116938	2.64367
471.544	0.135337	2.67383	0.116877	2.64763
471.969	0.135064	2.67756	0.116818	2.65159
472.394	0.134792	2.68128	0.116761	2.65555
472.819	0.134522	2.68499	0.116707	2.65952
473.246	0.134252	2.6887	0.116655	2.66349
473.674	0.133983	2.69241	0.116606	2.66747
474.102	0.133715	2.69611	0.116558	2.67145
474.531	0.133448	2.6998	0.116513	2.67543
474.96	0.133182	2.70349	0.11647	2.67942
475.391	0.132917	2.70717	0.11643	2.68341
475.822	0.132653	2.71085	0.116391	2.6874
476.254	0.13239	2.71453	0.116355	2.6914
476.687	0.132128	2.7182	0.116321	2.6954
477.121	0.131972	2.72199	0.116289	2.69941
477.555	0.131917	2.72589	0.11626	2.70342
477.99	0.131862	2.72979	0.116232	2.70743
478.426	0.131807	2.73368	0.116206	2.71145
478.863	0.131753	2.73757	0.116183	2.71547
479.301	0.1317	2.74145	0.116161	2.71949
479.739	0.131647	2.74532	0.116142	2.72352
480.179	0.131594	2.74919	0.116124	2.72755
480.619	0.131542	2.75306	0.116109	2.73159
481.059	0.13149	2.75692	0.116095	2.73563
481.501	0.131438	2.76077	0.116084	2.73968
481.943	0.131387	2.76462	0.116074	2.74372
482.387	0.131336	2.76846	0.116066	2.74778
482.831	0.131286	2.7723	0.11606	2.75183
483.276	0.131236	2.77613	0.116056	2.75589
483.721	0.131187	2.77996	0.116054	2.75996
484.168	0.131138	2.78378	0.116054	2.76402
484.615	0.131089	2.7876	0.116055	2.7681
485.064	0.13104	2.79141	0.116058	2.77217
485.513	0.130992	2.79521	0.116063	2.77625
485.962	0.130945	2.79901	0.11607	2.78034
486.413	0.130897	2.80281	0.116078	2.78442
486.865	0.13085	2.8066	0.116088	2.78852
487.317	0.130804	2.81039	0.1161	2.79261
487.77	0.130758	2.81417	0.116114	2.79671
488.224	0.130712	2.81794	0.116129	2.80082
488.679	0.130666	2.82171	0.116146	2.80493
489.135	0.130621	2.82548	0.116164	2.80904
489.592	0.130577	2.82924	0.116184	2.81316
490.049	0.130532	2.833	0.116206	2.81728
490.507	0.130488	2.83675	0.116229	2.82141
490.967	0.130444	2.84049	0.116253	2.82554
491.427	0.130401	2.84423	0.11628	2.82967
491.887	0.130358	2.84797	0.116307	2.83381
492.349	0.130315	2.8517	0.116337	2.83796
492.812	0.130273	2.85543	0.116367	2.8421
493.275	0.130231	2.85915	0.1164	2.84626
493.74	0.130189	2.86286	0.116433	2.85041
494.205	0.130147	2.86658	0.116468	2.85458
494.671	0.130106	2.87028	0.116505	2.85874
495.138	0.130066	2.87398	0.116543	2.86291
495.606	0.130025	2.87768	0.116582	2.86709
496.075	0.129998	2.88172	0.116623	2.87127
496.544	0.129991	2.88635	0.116665	2.87545
497.015	0.129985	2.89097	0.116708	2.87964
497.486	0.12998	2.89558	0.116753	2.88383
497.959	0.129974	2.90018	0.116799	2.88803
498.432	0.129969	2.90477	0.116847	2.89223
498.906	0.129965	2.90936	0.116895	2.89644
499.381	0.12996	2.91394	0.116945	2.90065
499.857	0.129956	2.91852	0.116997	2.90487
500.334	0.129953	2.92308	0.117049	2.90909
500.812	0.129949	2.92764	0.117103	2.91332
501.29	0.129947	2.93219	0.117158	2.91755
501.77	0.129944	2.93674	0.117214	2.92178
502.25	0.129942	2.94128	0.117271	2.92602
502.732	0.129939	2.94581	0.11733	2.93027
503.214	0.129938	2.95033	0.11739	2.93452
503.697	0.129936	2.95485	0.11745	2.93877
504.182	0.129935	2.95936	0.117512	2.94304
504.667	0.129935	2.96386	0.117576	2.9473
505.153	0.129934	2.96836	0.11764	2.95157
505.64	0.129934	2.97285	0.117705	2.95585
506.128	0.129934	2.97733	0.117772	2.96013
506.617	0.129934	2.98181	0.117839	2.96441
507.107	0.129935	2.98628	0.117908	2.9687
507.597	0.129936	2.99074	0.117978	2.973
508.089	0.129937	2.9952	0.118049	2.9773
508.582	0.129939	2.99965	0.118121	2.98161
509.075	0.129941	3.00409	0.118193	2.98592
509.57	0.129943	3.00853	0.118267	2.99024
510.066	0.129945	3.01296	0.118342	2.99456
510.562	0.129948	3.01738	0.118418	2.99889
511.06	0.129951	3.0218	0.118495	3.00322
511.558	0.129954	3.02621	0.118573	3.00756
512.058	0.129957	3.03062	0.118652	3.0119
512.558	0.129961	3.03502	0.118732	3.01625
513.059	0.129965	3.03941	0.118812	3.0206
513.562	0.129969	3.04379	0.118894	3.02496
514.065	0.129974	3.04817	0.118977	3.02933
514.57	0.129978	3.05254	0.11906	3.0337
515.075	0.129983	3.05691	0.119145	3.03808
515.581	0.129989	3.06127	0.11923	3.04246
516.089	0.129994	3.06563	0.119316	3.04685
516.597	0.13	3.06997	0.119403	3.05124
517.106	0.12997	3.07434	0.119491	3.05564
517.617	0.12994	3.07871	0.11958	3.06005
518.128	0.129911	3.08306	0.11967	3.06446
518.64	0.129882	3.08741	0.119761	3.06887
519.154	0.129853	3.09176	0.119852	3.0733
519.668	0.129825	3.0961	0.119944	3.07772
520.183	0.129797	3.10043	0.120037	3.08216
520.7	0.129769	3.10476	0.120131	3.0866
521.217	0.129742	3.10908	0.120226	3.09104
521.736	0.129715	3.11339	0.120321	3.0955
522.255	0.129688	3.1177	0.120418	3.09995
522.776	0.129662	3.122	0.120515	3.10442
523.298	0.129635	3.1263	0.120613	3.10889
523.82	0.12961	3.13059	0.120711	3.11336
524.344	0.129584	3.13487	0.12081	3.11785
524.869	0.129559	3.13915	0.120911	3.12233
525.394	0.129534	3.14343	0.121011	3.12683
525.921	0.12951	3.14769	0.121113	3.13133
526.449	0.129485	3.15196	0.121215	3.13584
526.978	0.129462	3.15621	0.121318	3.14035
527.508	0.129438	3.16046	0.121422	3.14487
528.039	0.129415	3.16471	0.121527	3.1494
528.571	0.129392	3.16895	0.121632	3.15393
529.105	0.129369	3.17318	0.121738	3.15847
529.639	0.129346	3.17741	0.121844	3.16301
530.174	0.129324	3.18163	0.121951	3.16756
530.711	0.129302	3.18584	0.122059	3.17212
531.248	0.129281	3.19006	0.122168	3.17669
531.787	0.129259	3.19426	0.122277	3.18126
532.327	0.129238	3.19846	0.122387	3.18584
532.868	0.129217	3.20266	0.122497	3.19042
533.41	0.129197	3.20684	0.122609	3.19501
533.953	0.129177	3.21103	0.12272	3.19961
534.497	0.129157	3.21521	0.122833	3.20421
535.042	0.129137	3.21938	0.122946	3.20883
535.588	0.129118	3.22355	0.12306	3.21344
536.136	0.129099	3.22771	0.123174	3.21807
536.685	0.12908	3.23186	0.123289	3.2227
537.234	0.129061	3.23601	0.123404	3.22734
537.785	0.129043	3.24016	0.123521	3.23198
538.337	0.129025	3.2443	0.123637	3.23664
538.89	0.129007	3.24844	0.123755	3.2413
539.445	0.128856	3.25303	0.123873	3.24596
540	0.128626	3.25789	0.123991	3.25064
540.557	0.128396	3.26275	0.12411	3.25532
541.114	0.128168	3.2676	0.12423	3.26001
541.673	0.12794	3.27245	0.12435	3.2647
542.233	0.127713	3.27728	0.124471	3.2694
542.794	0.127487	3.28211	0.124592	3.27411
543.357	0.127263	3.28694	0.124714	3.27883
543.92	0.127039	3.29175	0.124836	3.28355
544.485	0.126816	3.29656	0.124959	3.28829
545.051	0.126594	3.30136	0.125083	3.29302
545.618	0.126373	3.30616	0.125207	3.29777
546.186	0.126152	3.31094	0.125331	3.30253
546.755	0.125933	3.31573	0.125456	3.30729
547.326	0.125714	3.3205	0.125582	3.31206
547.898	0.125497	3.32527	0.125708	3.31683
548.471	0.12528	3.33003	0.125835	3.32162
549.045	0.125064	3.33478	0.125962	3.32641
549.62	0.124849	3.33953	0.126089	3.33121
550.197	0.124635	3.34427	0.126218	3.33601
550.774	0.124422	3.349	0.126346	3.34083
551.353	0.12421	3.35373	0.126475	3.34565
551.934	0.123998	3.35845	0.126605	3.35048
552.515	0.123787	3.36317	0.126735	3.35532
553.098	0.123578	3.36787	0.126866	3.36017
553.682	0.123369	3.37257	0.126997	3.36502
554.267	0.12316	3.37727	0.127129	3.36988
554.853	0.122953	3.38196	0.127261	3.37475
555.441	0.122746	3.38664	0.127393	3.37963
556.03	0.12254	3.39131	0.127526	3.38452
556.62	0.122335	3.39598	0.12766	3.38941
557.211	0.122131	3.40064	0.127793	3.39432
557.804	0.121928	3.4053	0.127928	3.39923
558.398	0.121725	3.40995	0.128063	3.40414
558.993	0.121523	3.41459	0.128198	3.40907
559.589	0.121322	3.41923	0.128334	3.41401
560.187	0.121122	3.42386	0.12847	3.41895
560.786	0.120922	3.42849	0.128607	3.4239
561.386	0.120723	3.4331	0.128744	3.42887
561.988	0.120525	3.43772	0.128881	3.43383
562.591	0.120328	3.44232	0.129019	3.43881
563.195	0.120131	3.44692	0.129158	3.4438
563.8	0.120007	3.45169	0.129296	3.44879
564.407	0.120027	3.45681	0.129436	3.4538
565.015	0.120047	3.46192	0.129575	3.45881
565.624	0.120067	3.46702	0.129716	3.46383
566.235	0.120088	3.47211	0.129856	3.46886
566.847	0.120109	3.4772	0.129997	3.4739
567.46	0.12013	3.48228	0.130139	3.47895
568.075	0.120151	3.48735	0.13028	3.484
568.691	0.120172	3.49241	0.130423	3.48907
569.308	0.120194	3.49747	0.130565	3.49414
569.927	0.120216	3.50252	0.130708	3.49922
570.547	0.120238	3.50756	0.130852	3.50432
571.168	0.12026	3.51259	0.130996	3.50942
571.791	0.120282	3.51762	0.13114	3.51453
572.415	0.120305	3.52264	0.131285	3.51965
573.04	0.120327	3.52766	0.13143	3.52478
573.667	0.12035	3.53266	0.131575	3.52992
574.295	0.120373	3.53766	0.131721	3.53506
574.925	0.120397	3.54265	0.131868	3.54022
575.556	0.12042	3.54764	0.132014	3.54539
576.188	0.120444	3.55262	0.132162	3.55056
576.822	0.120467	3.55759	0.132309	3.55575
577.457	0.120491	3.56255	0.132457	3.56094
578.093	0.120515	3.56751	0.132605	3.56614
578.731	0.120539	3.57246	0.132754	3.57136
579.37	0.120564	3.5774	0.132903	3.57658
580.011	0.120588	3.58234	0.133053	3.58181
580.653	0.120613	3.58727	0.133203	3.58706
581.297	0.120638	3.5922	0.133353	3.59231
581.942	0.120663	3.59711	0.133504	3.59757
582.588	0.120688	3.60202	0.133655	3.60284
583.236	0.120714	3.60692	0.133806	3.60812
583.885	0.120739	3.61182	0.133958	3.61342
584.536	0.120765	3.61671	0.13411	3.61872
585.188	0.120791	3.62159	0.134263	3.62403
585.842	0.120817	3.62647	0.134416	3.62935
586.497	0.120843	3.63134	0.134569	3.63468
587.154	0.120869	3.63621	0.134723	3.64003
587.812	0.120895	3.64106	0.134877	3.64538
588.471	0.120922	3.64591	0.135032	3.65074
589.132	0.120949	3.65076	0.135186	3.65612
589.795	0.120975	3.6556	0.135342	3.6615
590.459	0.121022	3.66047	0.135497	3.66689
591.124	0.121267	3.66583	0.135653	3.6723
591.791	0.121512	3.67118	0.13581	3.67771
592.46	0.121756	3.67652	0.135967	3.68314
593.13	0.122	3.68185	0.136124	3.68857
593.801	0.122244	3.68718	0.136281	3.69402
594.474	0.122487	3.69249	0.136439	3.69948
595.149	0.122729	3.6978	0.136598	3.70495
595.825	0.122972	3.7031	0.136756	3.71042
596.503	0.123213	3.7084	0.136915	3.71591
597.182	0.123455	3.71368	0.137075	3.72142
597.863	0.123696	3.71896	0.137235	3.72693
598.545	0.123936	3.72424	0.137395	3.73245
599.229	0.124176	3.7295	0.137555	3.73798
599.914	0.124416	3.73476	0.137716	3.74353
600.601	0.124655	3.74001	0.137878	3.74908
601.29	0.124893	3.74525	0.138039	3.75465
601.98	0.125132	3.75048	0.138201	3.76023
602.672	0.12537	3.75571	0.138364	3.76582
603.365	0.125607	3.76093	0.138527	3.77142
604.06	0.125844	3.76614	0.13869	3.77703
604.756	0.126081	3.77135	0.138854	3.78265
605.455	0.126317	3.77655	0.139018	3.78829
606.154	0.126553	3.78174	0.139182	3.79394
606.856	0.126788	3.78692	0.139347	3.79959
607.559	0.127023	3.7921	0.139512	3.80526
608.263	0.127258	3.79727	0.139677	3.81095
608.97	0.127492	3.80244	0.139843	3.81664
609.677	0.127726	3.80759	0.140009	3.82234
610.387	0.127959	3.81274	0.140176	3.82806
611.098	0.128192	3.81788	0.140343	3.83379
611.811	0.128425	3.82302	0.14051	3.83953
612.526	0.128657	3.82815	0.140678	3.84528
613.242	0.128889	3.83327	0.140846	3.85105
613.96	0.12912	3.83838	0.141015	3.85683
614.679	0.129351	3.84349	0.141184	3.86262
615.4	0.129582	3.84859	0.141353	3.86842
616.123	0.129812	3.85369	0.141523	3.87423
616.848	0.130042	3.85877	0.141693	3.88006
617.574	0.130271	3.86386	0.141864	3.88589
618.302	0.1305	3.86893	0.142035	3.89175
619.032	0.130729	3.874	0.142206	3.89761
619.764	0.130958	3.87906	0.142378	3.90349
620.497	0.131179	3.88536	0.14255	3.90937
621.232	0.131398	3.89194	0.142722	3.91528
621.969	0.131616	3.8985	0.142895	3.92119
622.707	0.131835	3.90505	0.143068	3.92712
623.447	0.132053	3.9116	0.143242	3.93306
624.189	0.13227	3.91813	0.143416	3.93901
624.933	0.132488	3.92465	0.14359	3.94497
625.678	0.132705	3.93116	0.143765	3.95095
626.426	0.132921	3.93766	0.143941	3.95694
627.175	0.133138	3.94415	0.144116	3.96295
627.926	0.133353	3.95063	0.144292	3.96897
628.678	0.133569	3.95709	0.144469	3.975
629.433	0.133784	3.96355	0.144646	3.98104
630.189	0.133999	3.97	0.144823	3.9871
630.947	0.134214	3.97643	0.145001	3.99317
631.707	0.134428	3.98286	0.145179	3.99926
632.469	0.134641	3.98927	0.145358	4.00535
633.233	0.134855	3.99568	0.145537	4.01147
633.998	0.135068	4.00207	0.145716	4.01759
634.766	0.135281	4.00846	0.145896	4.02373
635.535	0.135493	4.01483	0.146076	4.02989
636.306	0.135706	4.02119	0.146257	4.03605
637.079	0.135917	4.02755	0.146438	4.04223
637.853	0.136129	4.03389	0.146619	4.04843
638.63	0.13634	4.04023	0.146801	4.05464
639.409	0.136551	4.04655	0.146984	4.06086
640.189	0.136761	4.05286	0.147166	4.0671
640.972	0.136971	4.05917	0.14735	4.07335
641.756	0.137181	4.06546	0.147533	4.07962
642.542	0.137391	4.07175	0.147717	4.0859
643.33	0.1376	4.07802	0.147902	4.09219
644.12	0.137809	4.08429	0.148087	4.0985
644.912	0.138018	4.09055	0.148272	4.10482
645.706	0.138226	4.09679	0.148458	4.11116
646.502	0.138434	4.10303	0.148645	4.11752
647.3	0.138641	4.10926	0.148832	4.12388
648.1	0.138849	4.11547	0.149019	4.13027
648.902	0.139056	4.12168	0.149206	4.13666
649.706	0.139262	4.12788	0.149395	4.14308
650.512	0.139469	4.13407	0.149583	4.1495
651.319	0.139675	4.14025	0.149772	4.15595
652.129	0.139881	4.14642	0.149962	4.16241
652.941	0.139997	4.15298	0.150152	4.16888
653.755	0.139989	4.16008	0.150342	4.17537
654.571	0.139982	4.16716	0.150533	4.18187
655.389	0.139975	4.17423	0.150725	4.18839
656.209	0.139968	4.18129	0.150917	4.19493
657.031	0.139962	4.18834	0.151109	4.20148
657.855	0.139957	4.19537	0.151302	4.20804
658.681	0.139952	4.20239	0.151495	4.21463
659.51	0.139947	4.2094	0.151689	4.22122
660.34	0.139943	4.2164	0.151883	4.22784
661.172	0.139939	4.22339	0.152078	4.23447
662.007	0.139935	4.23037	0.152273	4.24111
662.844	0.139932	4.23733	0.152469	4.24777
663.682	0.139929	4.24429	0.152665	4.25445
664.523	0.139927	4.25123	0.152862	4.26115
665.366	0.139925	4.25816	0.15306	4.26786
666.211	0.139923	4.26508	0.153257	4.27458
667.059	0.139922	4.27199	0.153456	4.28133
667.908	0.139921	4.27889	0.153655	4.28809
668.76	0.13992	4.28577	0.153854	4.29487
669.614	0.13992	4.29265	0.154054	4.30166
670.47	0.13992	4.29951	0.154254	4.30847
671.328	0.139921	4.30637	0.154455	4.3153
672.188	0.139922	4.31321	0.154657	4.32214
673.051	0.139923	4.32004	0.154859	4.329
673.916	0.139925	4.32686	0.155061	4.33588
674.783	0.139927	4.33367	0.155264	4.34278
675.652	0.139929	4.34047	0.155468	4.34969
676.524	0.139931	4.34726	0.155672	4.35662
677.397	0.139934	4.35404	0.155877	4.36357
678.274	0.139938	4.36081	0.156082	4.37053
679.152	0.139941	4.36756	0.156288	4.37751
680.032	0.139945	4.37431	0.156494	4.38451
680.915	0.139949	4.38105	0.156701	4.39153
681.8	0.139954	4.38777	0.156908	4.39857
682.688	0.139959	4.39449	0.157116	4.40562
683.578	0.139964	4.40119	0.157325	4.41269
684.47	0.139969	4.40789	0.157534	4.41978
685.364	0.139975	4.41457	0.157744	4.42689
686.261	0.139981	4.42125	0.157954	4.43402
687.16	0.139988	4.42791	0.158165	4.44116
688.062	0.139994	4.43457	0.158377	4.44833
688.966	0.140047	4.44176	0.158589	4.45551
689.872	0.140301	4.45135	0.158802	4.46271
690.78	0.140555	4.46092	0.159015	4.46993
691.691	0.140808	4.47047	0.159229	4.47717
692.605	0.141061	4.48	0.159444	4.48442
693.521	0.141314	4.48951	0.159659	4.4917
694.439	0.141566	4.499	0.159875	4.49899
695.36	0.141818	4.50847	0.160091	4.50631
696.283	0.142069	4.51792	0.160308	4.51364
697.208	0.14232	4.52735	0.160526	4.52099
698.136	0.14257	4.53676	0.160744	4.52836
699.067	0.14282	4.54615	0.160963	4.53576
700	0.14307	4.55552	0.161183	4.54317
